time in Nanosec
eps = [1]
LBW500_0= [ 0.7195767195767195, ];
PCS500_189= [ 0.7368421052631579, ];
UIS500_189= [ 0.7443478260869565, ];
Nhanes500_189= [ 0.8491507883362757, ];
