time in Nanosec
eps = [1]
Nhanes50_0= [ 0.7470627625251111, ];
Nhanes100_0= [ 0.7923540512570768, ];
Nhanes150_0= [ 0.8055031350824862, ];
Nhanes500_0= [ 0.8489681621720339, ];
